3
4
5
18
36
360
19035
25034
16606
19602
20698
17397
6948
4637
11826
609
17880
27256
19867
16639
13302
28531
11823
16512
20764
16334
26634
4007
1973
19919
29690
19596
23210
29871
18991
333
19579
6468
11605
1684
8600
1464
13311
5174
3840
23653
4886
10510
6770
18058
21202
21216
2765
6943
11281
1656
12243
28869
4237
6292
24860
491
31124
1655
1033
884
32527
20248
19581
22819
9874
25027
18015
8592
15707
20034
3664
6045
28308
20688
926
28749
2380
26090
25615
12859
12452
24160
21786
15727
17237
3089
27743
32715
24070
16849
27937
25722
25036
15192
28913
26322
27349
2705
12948
23444
32562
17878
2064
4145
15470
16943
11024
8578
14384
32627
14159
26907
1503
3572
24873
3272
1695
22618
425
9283
13956
19215
12971
28551
1652
8384
22818
14265
21928
7344
19909
14786
9289
11799
23202
3536
7653
27860
4180
3414
21408
15455
7420
3336
16693
14654
15659
7529
8273
30720
1611
27912
7171
14897
21090
11223
11094
7639
11633
162
29755
15865
10842
9535
10811
17107
9277
4172
6191
2237
12443
3311
21965
29522
9489
2845
30569
20693
1456
19788
11670
3312
24295
9613
1823
2711
6806
31299
24852
28991
3485
16791
18375
949
6105
21498
30707
7554
18737
1687
323
2188
274
32646
11539
10676
10711
5957
25237
11932
8015
9984
20801
22285
15010
12056
29541
8315
12882
14639
27394
13420
8828
1567
6937
1592
17801
19560
17223
9111
23276
25040
8654
32217
28839
14836
6282
10043
1079
10496
10545
8851
23930
19695
23037
22603
22775
7376
31258
11714
3317
117
22074
19006
15117
28486
32056
5903
22563
6753
4825
18751
24085
7159
24893
17946
13505
21606
17381
25018
22498
14844
7258
18713
26728
26967
9602
2743
24955
31656
6121
15239
12113
2445
10319
21087
11704
10741
14694
22680
13124
5952
10871
29305
18048
13835
10556
28758
4860
7633
15405
23760
16393
15522
21422
17562
24870
13807
25423
30059
30190
9548
27350
29440
5222
10894
1983
13197
18450
16410
16710
32002
7817
8931
20115
28673
7185
11944
11408
24252
28548
24671
30464
15861
26245
29848
19144
5863
9889
15570
8922
30961
18480
10578
4026
31336
23012
26971
26424
28012
5273
3268
31735
6733
29825
29037
26897
27151
32225
25015
10402
14843
7197
4984
4728
18186
17098
26993
13006
15792
23265
7254
9930
8424
20519
6960
9023
18285
5150
13106
5634
3648
24596
10268
12090
5822
17568
310
8836
14556
19370
8249
3979
10802
9801
16932
24383
4936
13107
11101
10784
3191
30125
5816
8279
26450
26758
24204
30777
24158
31785
27098
2331
19500
20221
28125
13211
30752
19650
12251
17808
3490
29207
18312
23078
12367
31941
31302
1780
17160
28606
21039
17461
17307
1671
32180
11312
1383
8477
25403
18044
20461
32712
30370
8197
26231
4769
5242
32019
19619
25000
19828
23663
7487
23066
4365
27903
32373
17777
21903
23136
3763
6262
13688
24654
25536
8052
2447
11315
11783
31287
6915
26107
30020
31583
26946
14971
24699
22186
10363
10344
4705
5596
2738
29545
4494
15859
16720
2461
30905
17644
13372
31016
14459
12580
32555
19486
30185
7455
5471
26000
19982
5391
14827
27947
30428
29135
28927
5810
26298
19598
13258
29092
20473
1401
7951
24127
11926
1441
29958
32654
17191
5873
4590
12558
2575
25061
17542
405
9102
10270
31449
24124
29726
2102
28346
2627
19300
6644
8030
31020
6301
9828
16913
1850
16413
3967
12043
4833
31832
32557
24458
18705
20201
24066
4693
8372
3437
14757
10973
10962
3913
3786
10451
11201
23683
21964
11991
6407
12437
30156
9558
16450
29268
16796
11973
12234
1635
24908
14870
5678
1526
27751
12084
15606
27420
13706
20595
2915
20738
21247
8509
19089
3734
9072
2078
7330
1152
9304
12249
22340
11124
11693
23433
10475
8619
4053
29378
2680
21336
26878
26264
26981
29746
27272
13457
9032
436
27941
7089
5449
20302
30860
14322
29125
16185
21257
16691
20016
22732
31761
30801
31497
21225
18162
16178
13661
24969
24795
22311
24736
3902
7777
31934
15202
31079
4800
706
11524
21820
28539
17647
7199
15823
22459
11272
22916
19467
3594
4359
16881
22596
22995
21415
3167
3625
20469
4338
29843
16369
17150
16100
3466
26578
3375
8626
4729
16226
30266
11499
28231
11405
10314
10956
893
25666
18529
3883
27722
24557
28397
5589
1580
18638
15214
19060
2474
4720
3933
29946
28413
14019
13758
32123
16251
382
1156
9305
30316
29803
28885
5111
421
13976
3469
19640
5978
24729
8342
24318
19583
553
21427
27235
17545
23876
7610
13805
14
26197
5080
4501
8008
20560
14179
15018
20835
32055
21562
6119
31972
13250
2285
28911
28018
22940
3039
16134
23205
28270
3956
22695
29953
21558
4525
12510
31810
9186
26904
7743
7334
2200
23658
23832
5848
16199
19603
8310
27735
2453
20185
32266
7098
12034
18121
13604
19712
6421
28199
6266
11625
22536
30499
21034
7056
1166
16936
2712
27160
4628
7661
25684
29287
26991
25887
9582
25700
27833
32704
21489
28751
25114
3052
17927
9502
22202
9485
16055
11182
27006
16238
9345
29682
18873
6492
31985
7509
2882
17213
12045
28623
7100
15809
9360
26729
18496
4635
7698
20517
14667
8518
15381
12448
8012
20028
837
27219
13574
31794
6857
4406
28790
28091
20745
6543
23729
17916
23711
23941
16858
24586
5265
31372
23544
20873
4528
24126
21086
26411
31505
3063
19569
26968
2309
4509
4861
2128
24956
20297
16265
16864
27954
15948
15433
11818
31943
3921
12913
23821
13523
24422
9399
25714
11563
25602
10396
660
4824
28284
10613
11831
1903
13404
19754
27692
8137
27622
27682
32169
7412
9527
7001
30643
852
21801
22376
230
21334
23000
10148
14609
23908
17420
4864
29980
8762
15934
11984
1585
20642
12212
3680
13946
14129
32005
6187
13408
912
19551
24946
16428
25255
17663
12106
12733
29334
21935
24815
12304
18584
175
16415
20478
3909
8569
16322
12698
22862
3844
20988
31374
14575
15852
16969
12032
2265
9979
28573
12373
23828
25576
27421
10403
4912
32130
24290
22821
608
28690
28503
13168
26665
7453
20858
24236
23181
17672
18454
1447
32162
10393
27643
29765
32156
24507
10439
17170
17604
25556
6204
30786
31588
26041
8506
29118
29779
30117
18475
16281
10349
519
18042
6661
22859
4014
13479
8380
17762
26748
10199
4916
11810
25950
2945
28113
8850
11352
19044
8129
16135
19179
29337
31632
17440
6356
18758
2641
10085
23879
7920
21099
2475
23347
20569
24869
32203
4821
4011
4630
7392
24629
14699
14259
25180
24280
13501
25984
19481
22738
19984
2484
13683
30530
332
31353
19666
5411
16101
21703
18857
8636
30588
32270
22117
25404
11288
19381
19911
28464
27336
19906
21838
27659
19639
15744
1228
2894
24138
23593
32710
4506
24992
18195
1304
18614
18419
14408
12022
7166
25969
20730
19250
30906
18712
19617
9475
26615
29846
28987
1230
16484
12205
32528
7299
16048
19390
32318
9909
12347
3672
9685
25037
28652
1661
3810
27750
4253
16958
14493
21403
19425
10757
4356
5365
19283
621
6854
13577
4608
20433
29047
24850
4152
11764
30164
26141
23540
4806
12218
9045
24314
14968
11117
5928
26940
32283
25553
28225
22184
24346
16006
29090
22336
3238
23479
12933
18502
20703
9042
15896
25449
10167
5398
10052
22991
11005
22854
9748
21531
14606
22887
22439
25476
29374
29323
27099
9677
8046
17507
21227
13937
23726
28992
16163
24569
16399
23225
3291
8454
27668
18000
11639
3104
29628
17233
3868
20042
21178
22255
25852
18439
4409
15379
8755
5585
32523
8697
8705
20548
21833
30544
6090
17110
4738
27985
31847
10109
5817
30115
7867
7301
18418
18340
8283
8615
32500
3910
22241
32760
16685
5483
4331
24105
11784
3305
10499
16915
20919
28841
22685
29809
181
23600
27608
28117
2759
1031
8583
2823
34
14350
5744
11330
22421
10984
28589
24298
3326
16358
28986
17705
683
9584
165
26458
26826
3378
31147
19921
8983
13531
28536
15210
25559
10100
13001
17320
30602
30100
26104
24122
1963
19917
9904
30722
374
31744
14123
12650
7
9572
17021
16627
26503
10345
24186
14199
27039
8537
3108
121
1426
29453
22415
16799
8560
31999
8981
24763
6899
7432
18732
24718
10002
14157
13204
12645
10059
28235
25024
12102
448
16268
32433
32620
21274
6695
27125
16916
7560
17899
6258
10341
19885
1624
4808
28273
12820
27103
12586
7103
12384
349
14330
7438
13384
18243
16465
4391
28218
27226
3488
8013
9315
1955
9019
7654
11790
6274
16953
19851
6870
17317
26180
27214
11072
23838
2323
2625
3557
19799
11179
22194
27030
18872
18983
565
6748
23038
8668
17826
1920
14007
17070
23398
15334
31053
10025
3795
21417
6977
1797
11115
29749
11907
3465
25626
21916
2655
19837
27149
9731
29718
17635
24427
14311
14077
16306
21010
5939
31790
2267
18124
29338
18739
31597
10703
12298
29438
9456
22155
25782
6304
29868
14195
11621
2566
9386
23638
6342
7908
11195
21258
8613
14703
171
30330
24249
10619
27344
16478
5723
15431
26566
11508
2833
22169
19289
4209
11015
20061
14134
16550
31210
31233
11736
12875
4439
24147
4910
26099
31557
575
13512
24624
5902
22608
23191
54
24463
4732
6582
5157
11376
29427
10406
13524
24006
2808
4633
11567
8827
7962
24555
29917
4217
26631
31531
2663
30346
3032
18002
4657
5033
24178
8808
8225
7641
21392
20991
2350
27418
7397
5896
27716
9810
30838
7537
17067
10631
685
2183
22308
20608
11915
25958
334
20784
12738
19286
22724
2519
22229
18798
19517
13981
3937
12890
25298
31152
5452
32718
311
32258
30395
18782
5181
3171
31071
32326
3980
23934
10493
7211
26722
29281
17200
12105
2662
11067
22302
15485
32151
19789
11144
28067
10680
16405
28228
32458
32621
20635
18646
12371
17949
28557
4096
18426
31315
26990
15201
661
18877
10886
15401
2142
10456
29322
27815
23651
1360
17874
9207
29450
19468
10244
28554
26494
10987
100
18345
12311
26815
12228
9700
14187
29549
9679
11255
30487
10238
979
26391
25439
6175
20261
14623
3247
25548
17080
6425
22471
29993
10699
29728
9901
9880
16688
23647
26766
17165
7764
19654
27142
1107
19944
28182
11558
21125
25463
31044
28331
21849
31056
8876
797
25531
24269
9757
23005
14503
15193
7283
25470
18629
265
15549
27568
29067
16503
14825
26776
18508
20076
19717
26128
21537
27257
3702
13726
20426
18745
22191
22740
32426
29154
10885
28792
28354
16530
12731
9171
17843
8130
22148
3147
15015
8948
27316
15094
16583
4286
20080
1455
1125
26044
14245
27942
13503
7431
24132
17169
12950
10801
22700
11922
9156
32309
30705
31949
21377
10205
10453
20735
29804
25445
13344
14072
1354
434
11406
26472
22992
22839
20741
5614
11677
2570
22330
7383
12599
29642
9520
15472
4153
25901
28683
25664
21958
10977
5385
8540
25402
2735
29321
11485
6134
24316
9198
21933
3186
22187
20078
1237
23757
7126
800
26725
28168
28504
14927
7532
12342
23499
13480
22428
16059
32735
12768
21085
32578
22032
9724
11920
102
28827
18390
11855
1205
22346
5722
19610
7800
27433
32517
18883
6941
6169
8925
403
8049
16215
12074
16017
30036
2051
7548
23064
27246
21875
11119
21238
20983
29257
20295
20834
6799
19024
19348
8901
7849
22662
25972
14619
18139
8770
29116
8644
4384
10961
10875
32408
13989
28403
300
3439
21389
13580
28814
644
17496
27817
25274
17739
28004
16580
24276
3455
19424
10409
18154
23150
1545
15425
18034
574
9704
10654
17915
24575
30762
10952
4758
25052
27756
9850
5629
25508
10850
28419
5605
21361
23807
18355
4496
4505
12752
17081
2365
24831
21738
21518
13639
29719
24594
4187
27286
25698
1667
29038
20448
12504
25327
16028
15657
8400
5213
6375
25054
1777
30201
15612
25638
28892
6574
30802
21495
10715
26464
18376
12450
6744
13733
18809
19853
26707
1001
5348
23870
13736
6506
12312
7044
7670
25520
16161
7770
12258
6645
3875
466
16102
17430
30343
9357
9235
16518
28947
7094
18884
20885
15252
12926
31317
6222
18270
13555
20404
15881
14721
7942
4753
7451
14388
11946
23217
14454
21268
8338
29587
10604
17174
15305
10508
29261
31730
7864
20863
12331
556
23988
15828
12433
8143
21651
19478
7345
21073
4462
30843
510
18463
5379
7983
23489
4063
9914
10076
75
4744
22116
27864
3088
7987
147
20996
20606
24837
26196
30302
11349
30368
18535
6642
27841
5588
31311
32163
26205
24508
12216
22298
15126
19432
21485
13757
1899
27415
18257
5501
32028
30293
12277
1340
3788
6464
2498
30322
27541
24564
3685
17149
6199
31107
25742
19023
11004
13492
4034
6622
3735
22345
21975
20820
31882
29640
8152
13954
8132
18342
29342
10105
24029
30307
27826
21770
14264
13440
13410
30536
31239
7208
14212
197
19893
20088
9263
18624
7760
3241
6729
13309
31444
13263
22793
11143
22681
19509
26331
32254
14200
14830
4142
16493
26400
15309
29725
32520
20633
20416
4163
26956
2199
20891
30246
29400
19884
19702
28593
20465
10308
9085
25750
32046
3499
26637
15538
30748
4481
1937
17856
3419
23648
10253
22121
17892
32577
31537
16640
14185
12134
22408
24720
29654
11755
532
29568
27326
12742
21213
26263
24833
16587
25996
5886
12959
29407
7816
8247
7239
20630
18406
26258
6594
15074
1979
7903
8142
13409
10964
1727
8541
2279
6618
10726
15019
14798
193
31253
8576
25108
14235
27413
22690
15396
28939
29293
2640
6163
3479
5869
10230
192
11876
23883
233
14058
18701
14552
7484
26158
1078
14792
16982
12754
157
9637
7162
17376
8820
4271
10215
832
11560
28627
23826
7027
924
27500
29747
9245
29769
15588
13816
18464
24215
15916
20770
14793
13183
9410
5655
19590
19368
20101
10927
7997
28453
1099
5580
8440
31186
18096
9349
8069
19836
3361
25807
17708
5130
18128
1390
24136
8195
32752
1490
31544
21826
16007
20712
9083
27253
4183
10874
24994
3282
7302
2015
12363
15077
7268
9749
11070
15646
32455
8989
10461
15930
28833
9348
29956
28708
12411
17403
1061
4597
31840
13829
16187
22703
13092
3471
3353
25325
8034
2909
2988
24007
27471
9299
24966
4959
11703
16835
26581
3714
22106
28852
8227
946
32723
8659
7540
9138
10560
14400
19306
4737
31705
12425
23156
12385
23424
15499
13538
17881
8072
13746
24286
25499
15962
30651
9920
8202
30927
5044
7704
28774
11884
9151
11637
487
5410
12678
3459
2215
20977
7675
15555
29356
28935
23728
25162
12730
14996
27725
23072
8900
21547
29142
14783
29915
26432
8667
5966
32407
559
12546
21014
4453
2406
21945
2389
6010
1019
5232
141
22946
15617
30290
20202
28065
5894
28102
21117
11160
4804
13613
13868
22248
26531
19769
28638
11204
15866
1581
13329
5510
19720
27498
4558
31277
26964
7470
27427
28811
14188
28473
5854
26623
26704
4522
6945
7000
6015
29709
21714
16080
18296
18236
776
32286
17807
41
24220
10636
21491
21244
7362
30305
28996
26709
15691
17112
31779
29903
10618
9610
32743
3201
280
22904
29458
25250
27892
17699
16371
3398
27464
30909
3061
22620
8627
13167
346
21381
2932
31019
26384
2944
32040
22055
11014
14445
6475
30202
17321
18552
12821
17046
15631
17850
19419
1851
30613
13793
8860
26201
10425
14473
29763
27023
28274
31493
31241
11401
2590
3092
20882
30508
22503
27243
10774
23486
26555
20345
8091
5913
28687
13337
13714
24086
28075
7776
29653
4267
17066
9811
13941
2693
23344
22386
10624
92
30198
30871
11824
7294
15655
5063
32036
14371
21493
9500
9868
9599
8716
19713
27577
3251
24149
26674
626
18587
20629
26134
15615
2017
1300
18578
12842
6435
7842
25150
5976
3759
29800
9537
10012
26020
6787
26530
5721
24705
25057
10924
15630
1602
24198
13449
23300
26963
30060
14183
12279
1181
13609
24212
23862
327
21991
26413
9276
15132
4622
3532
11945
21133
5693
16615
30556
13339
22917
15287
17925
5048
20585
30902
17125
18688
6855
1761
17582
16018
30160
20227
30689
29656
24650
2144
32335
1497
10991
9228
6510
4814
3561
3410
4723
11325
10693
17683
11185
10887
12018
12530
30994
14764
16374
9081
26136
11710
12322
22510
30159
15614
20234
3681
1531
19997
1015
16261
26690
16429
4463
12208
7109
19046
18311
30818
21075
12233
25055
27697
13125
29461
2293
784
22266
12336
16370
25938
9331
5219
21827
14899
26822
27718
11777
4887
652
4698
26015
28278
28341
9124
25883
8685
23982
16641
5616
6311
19848
7766
15958
20747
11377
30826
23679
31369
11048
16460
7734
13017
31415
3706
10352
7847
28089
24155
14208
29739
4718
7683
22018
13343
18543
6036
11118
20893
19186
16044
22385
19783
17104
11626
15898
23429
13245
23292
21426
27849
10120
32241
9281
3860
2886
15500
16857
17032
16063
16210
13841
28253
30885
4135
5942
9946
14696
29799
30134
32268
26499
31841
31682
8374
6467
17009
19541
31915
14627
7156
7072
28894
23977
13872
29057
4960
19182
31950
28864
3726
17722
14426
24886
14633
2794
485
31771
20151
9770
29015
21523
24968
16594
20520
460
6674
10156
25792
8530
29335
17106
8060
18720
32253
1717
24696
17391
11679
6082
28519
5761
25413
31864
25544
20708
5464
2632
12291
6648
22379
10207
26329
3288
19174
23955
29670
14453
1315
10605
27245
4105
22706
15385
21469
21743
4259
24475
6497
596
16645
3569
12288
21795
30501
19055
20415
19157
28374
25103
24953
2928
3253
835
28301
23048
25026
26253
27404
1926
13869
12061
9088
10644
4853
2190
21121
4086
12929
20087
13156
19588
676
20855
24131
2316
8780
10113
7527
16667
8844
16241
23842
32626
10817
9483
6118
20047
31511
17357
4859
7732
10466
2774
3925
4302
29275
12364
29107
26812
19087
793
4001
10195
944
30737
17619
13314
18127
15514
29217
26851
20799
4211
29744
29661
7829
18748
989
25118
26673
11858
25440
24173
24707
10758
9444
6797
30618
11504
4498
24403
28160
28618
8256
29021
30342
22771
11261
32526
1481
2947
15817
20068
28085
23866
11779
14419
14571
275
22499
7210
30221
25133
11121
17599
19445
20766
23127
18598
30898
6347
2441
29371
8819
17591
27638
26115
20670
2524
29990
20772
6807
24674
30627
24100
19211
20352
25693
22570
7516
23577
16781
17023
5938
18867
3420
3834
13952
4933
21155
7198
5669
18152
7384
10247
27685
10294
29793
25707
4504
3429
18985
8436
29814
16083
5167
4560
12814
15251
15002
26009
29312
32607
14573
6723
18790
29624
6138
16038
22758
21579
6056
461
29831
6952
7046
29512
5840
3208
27288
2058
15478
14069
17146
32214
15703
2013
30718
10815
27628
1885
3476
320
15869
8437
9246
5473
30881
8834
24863
8801
25119
11225
25682
5733
4446
20972
14936
19646
10279
15871
5724
15075
31605
6372
26165
23244
3964
18371
27908
7868
18369
27164
3173
11659
5107
29136
23587
16794
32412
15690
6325
10734
3800
32767
21038
15884
24190
17678
2141
22987
867
11237
9802
28699
4687
10356
25105
16229
9419
23697
22843
10862
17247
3308
16973
625
28510
22774
16020
16037
13068
19609
30793
22254
18280
22014
25132
17569
14225
32548
30605
10468
28715
21050
30121
9181
8492
31819
17978
5846
5220
19765
28415
26944
4571
14119
29076
20168
30808
25050
19705
2502
19708
12726
26492
10936
14906
12117
293
14750
28321
17294
27491
14424
30978
4119
5549
29362
2900
27
32474
25874
12685
8570
5972
5234
21513
3765
7626
20619
30708
9908
25913
17819
15574
28382
3777
458
20962
13788
1861
4008
8586
7367
927
30097
17631
29979
20826
22768
25695
15437
23272
24610
22344
21421
25033
27049
28014
9730
10175
9258
24323
10847
8277
21267
12943
26050
22562
668
11447
14533
8756
31202
12290
29995
1558
22291
19483
18363
11236
14631
20756
12788
31669
28528
7916
3369
29111
2168
18990
7063
9453
9803
2677
13898
29538
6860
21487
9728
25419
18706
28457
11743
1180
24385
13131
8769
25990
11480
4823
4940
30809
20561
28149
14821
9826
5426
20374
1326
11152
2858
21393
22265
7673
21388
12204
18814
16871
10752
18741
19659
18975
29807
17534
2167
2262
27857
32471
27012
29942
10282
31836
22325
4644
9686
15960
22624
26164
18819
22183
27298
1523
22275
16109
24976
6029
17734
5470
14326
20806
2033
14167
22404
825
812
1711
10191
3830
18645
883
28226
24355
11860
14115
15835
1196
25817
4370
17290
13664
20535
28246
15166
17155
16068
1977
15256
23603
13148
14370
4572
22497
32655
13997
19723
7812
27878
23004
1339
2691
15626
17022
17192
19575
27112
7262
25415
2446
3741
30227
20660
13310
27939
23547
28471
19027
25068
21978
31777
12372
30623
5731
9595
4028
11881
16227
13920
26802
10553
7759
26461
7099
15636
26441
10996
24141
10139
27859
1540
5714
2208
24759
23836
17729
3710
11327
19819
7647
24758
27180
9244
19854
11300
26831
27424
26691
18178
25048
11247
17957
2005
2725
32666
31337
23336
23219
24649
27612
6034
26374
8789
29556
26343
16437
11019
25830
31441
5994
23843
12603
10920
391
593
4767
17286
452
30416
7005
9082
18851
30468
6705
8853
27002
12509
30472
15578
23749
20030
28140
8055
8624
30077
7010
14242
1831
23827
17609
24047
28064
20476
21860
10368
26699
15358
739
15298
653
15052
27862
7472
5252
11417
8110
569
11146
29215
22204
6326
16523
17792
23668
1467
2586
2079
8551
3942
21888
4175
19826
6368
12402
25312
1064
22111
25011
26625
12871
2795
2117
6409
14386
8830
23031
17498
17598
18381
5225
4840
31621
19979
24734
10049
26740
21131
1892
9383
27434
9714
14389
5633
17697
1505
15035
7157
32668
23490
29968
32182
14531
1950
14847
16506
26604
8954
14774
250
2334
25680
12761
11104
15684
8485
2956
8216
23754
16335
10839
15428
5188
4345
28177
2591
9717
18215
917
28965
20017
4871
29676
21435
10443
31612
19752
24372
32762
4307
5622
303
13177
5042
13543
7507
7401
15879
9079
27070
10621
11561
29480
14000
32709
32428
27626
14643
210
22807
2623
6177
4781
19205
18901
22872
29789
29095
18659
32395
27677
1479
13800
26757
12737
3480
247
20141
8933
25752
16658
11532
11354
19455
5066
26527
31453
23816
11089
7597
14107
20689
30842
21662
15722
18018
10482
27645
30980
29248
7791
12423
23837
9795
10791
21604
32547
13237
4606
24259
30209
20167
12796
1171
30886
1051
12124
28282
26622
2143
19170
16960
10848
23783
16846
3172
25876
5310
17585
2173
21145
31661
16795
2582
31049
24388
27871
3474
11494
18181
31948
22146
8617
14430
29811
5065
11958
9369
31212
28583
4849
21329
23070
15674
1916
27228
23518
8173
28379
12655
24979
19648
25170
10304
24936
32175
4126
8491
3769
8690
22863
14772
19173
5299
3285
17518
29494
21407
14997
19573
10256
870
26933
29702
28247
11096
17179
30171
12286
29395
26556
13280
22961
28248
11807
10840
22952
18039
14276
17323
24032
4358
8288
24965
4082
30331
26561
25358
13031
26348
12093
20091
8016
31435
5125
28373
20274
8921
15997
28517
19946
11554
15029
31930
4923
19959
22101
27793
20956
32088
27024
31877
12252
32468
32731
11606
5947
12352
20217
1744
862
20097
28929
9461
20775
7808
25085
24706
15752
16769
3021
19664
20220
14888
19889
2055
16154
2153
24826
11320
619
7161
25703
1296
25688
32487
25467
17497
4749
32391
20720
26767
30055
13466
31817
31969
20526
18513
21204
19625
24659
5905
14149
32206
24073
23179
13352
18428
18562
18728
4983
20014
10930
12072
19266
468
6433
2378
16170
2853
23247
24451
4500
7625
3747
17645
9707
9814
28826
28303
19931
29168
19104
14720
29
3138
18053
847
20650
26224
5071
25441
11469
12088
29072
908
24765
1997
5922
13483
24940
11009
19770
21798
28805
31446
22692
11238
27047
19029
25637
23291
13295
17322
2658
8026
4112
22621
28348
1690
14291
13471
5193
24619
9799
26067
27757
18133
26070
27698
15290
25565
30700
27358
22310
1803
4696
13927
9606
8320
6114
14991
9817
31102
7725
9069
25694
6919
30029
6611
26065
17907
16558
4173
11706
29328
1169
4465
26240
29459
6028
13161
11691
15652
6335
8708
1821
18176
32572
7483
19530
26871
13673
16373
6392
18910
12503
27107
19750
25685
31910
1571
18803
18721
5215
21406
10223
28332
23861
204
14352
7775
21088
13970
44
11985
1484
18900
555
18940
21534
12740
24395
32015
2430
16240
25424
31024
612
18864
12335
31503
27701
29211
14239
16522
6263
12354
10340
10932
5765
15362
3525
19604
8215
27688
31514
27389
4436
11180
18988
13845
12410
22580
27861
25390
10306
24856
11919
31309
795
16417
15924
7151
9845
20922
2107
2716
10595
1487
689
493
13202
4527
1023
7719
8346
7195
15033
23060
19
22264
8714
8360
3349
26307
9773
6116
13616
11299
3090
19824
9505
19833
24536
19359
2137
31940
13270
15566
5133
11471
20107
5192
1721
9279
27771
4194
4819
10683
2367
2360
18443
17517
25708
1276
29186
18448
29686
29123
22436
22625
2559
10746
9934
24003
27470
32375
7035
24621
23435
24502
32054
22765
3983
24342
28851
10861
17894
771
16636
29230
4083
24289
15693
7391
15663
5341
20467
24467
18830
16081
23363
2327
26380
23766
27977
11821
28339
7179
22242
32114
10028
23101
18632
20156
24942
13415
5396
28156
19067
30358
16828
9529
1471
28204
25352
1960
20378
16578
23149
32148
11106
12000
28375
19512
18101
29783
13495
14037
4192
16489
3152
8423
5547
29733
7170
19977
12795
2061
79
31769
6137
6743
20489
5753
21761
11521
6008
29697
16116
10507
3938
8628
3552
10761
26874
28399
3784
11242
10272
14519
4455
16494
1819
5520
17388
18351
31609
14477
9942
27346
17031
10798
751
26616
15274
32111
3541
8587
27085
7714
16132
17209
17318
24668
11595
16385
24667
438
6404
3396
27091
7419
11675
5135
5388
31275
14268
16367
7598
23215
22369
4615
15395
14759
7809
18373
6711
31172
32084
24804
22936
13298
10863
17753
15568
14945
6565
5803
29085
9017
11013
7988
13147
11957
12654
31111
16996
12843
22
7231
17348
28793
3877
19434
12568
26693
15462
16276
12837
27535
19299
28984
23177
24605
25291
23492
32515
23839
19498
1287
12872
26204
18431
16926
5794
31926
3872
20521
18281
4428
269
1213
11077
28681
29258
30586
9190
12972
15432
29510
28432
5493
26804
11174
2076
3831
8457
1026
20356
26089
30678
28106
16145
21882
5640
8618
23139
636
28558
20150
32301
26901
29560
17623
3808
9805
9531
22642
13443
20162
23472
28773
12864
12537
16354
25774
10312
6396
6793
26807
3986
24021
20582
17775
24949
18565
821
22644
12907
20676
1435
1774
31780
9359
15249
7220
13965
23607
32315
25022
18130
32358
29469
16609
23491
29446
24881
16430
10502
23099
27398
19744
3371
28144
6928
31863
24194
11490
2992
9344
6287
3220
19009
20241
17896
27303
2637
25597
6369
12991
2870
27422
6277
27305
13687
2562
21908
17981
9134
24012
16954
13323
11050
16500
890
14984
27843
4097
26034
3355
16353
17637
30888
19061
23494
21228
20726
22067
2670
25292
12227
31757
8350
28302
24818
30644
18209
14372
31944
17556
24240
11358
1195
23194
32153
26983
8710
10707
28675
26410
6591
15456
4995
12667
3627
16619
15755
937
6874
4911
16892
18837
17719
22489
17939
13814
7068
29519
8734
345
20196
8646
32396
578
27629
10776
11282
30715
17293
232
4783
17384
7055
9591
17374
20600
29198
14726
19595
23614
10754
4531
26490
28933
4771
1036
30298
19757
5281
28843
16291
17144
8727
14868
30790
26006
9044
29981
21390
14206
24924
6821
14001
5406
31443
606
2525
21641
13395
32587
5651
20342
25772
8232
28298
18558
1084
22722
11350
10313
2978
6627
2715
5253
6219
6986
15163
22506
17706
12209
32195
21453
27511
24368
5266
740
20704
23664
14075
13930
23822
28421
25741
30564
18935
24560
6735
10766
7992
24993
31754
14854
6241
4071
5909
32642
22442
3886
5921
17447
26547
12995
24023
6051
1162
5982
19978
18473
21626
5168
22927
4116
10503
6143
6415
31765
25220
9870
17188
10588
5162
8399
23200
31266
18287
27311
14267
29837
17336
3582
3315
28141
22648
5874
28186
4640
27776
19882
30622
29252
17724
8455
7873
20486
20831
9113
20978
13191
26347
30328
20284
11153
14799
27865
31517
14319
15800
27545
5451
22418
21708
19729
29263
9035
8663
26335
30799
8219
23320
2112
15864
1944
2412
32514
14057
28825
5015
2747
24001
12263
4390
28738
30787
1320
19704
4754
10602
26847
22135
20502
976
3870
16634
29760
29821
3448
8339
2834
20586
10826
7400
4284
2520
14824
28797
30491
13249
23634
2209
31252
6570
1561
20811
27485
1980
6861
24603
13822
7522
18966
5375
21932
15700
12529
29802
21105
8418
26576
3683
2616
17650
30313
2226
32144
22645
8943
32438
4548
876
6754
25182
1454
14487
25406
9546
15754
5565
383
32417
24535
23027
24985
8855
2133
23694
4279
30763
23453
21294
2178
8635
30443
202
2129
28937
5660
29397
8752
4221
12230
25530
32406
5736
24855
12725
29893
28812
11425
29006
11023
32155
3801
3989
10959
8760
29178
898
28647
8076
28956
23602
22996
1697
19739
5587
3851
17033
10558
18293
12559
29273
22216
28280
16320
442
8078
14475
18554
24576
6074
11842
16222
23109
24400
19436
29226
17932
3477
25691
24568
5301
617
22231
29781
9026
27281
12201
14687
33
15619
24901
25915
10073
4515
17094
8717
19777
6832
32525
1074
5639
23943
30474
19667
28842
9646
29266
21643
984
30548
19318
23467
3012
25616
3364
10283
26979
6921
13081
8398
29578
23896
29869
2717
25747
6584
12149
22377
21328
1017
26542
19162
3050
22424
16829
28881
22151
12255
11771
4297
2555
3281
30155
20509
16175
31423
25251
14804
14878
4357
15099
4333
16617
5515
11162
18027
6607
12270
1992
1549
2899
24584
1953
17704
211
31130
31762
31719
9528
21046
2352
762
23266
8061
22659
21349
9231
1876
27965
13689
7080
11551
14176
32016
7096
22858
24943
17875
11296
32730
20602
32142
30173
11644
7267
14479
2748
12110
20663
959
7233
2624
12259
31159
5688
16209
17396
32170
18865
10934
10664
9296
18918
3130
22081
11020
4379
14347
32039
4604
24691
1251
24191
5540
10697
28007
10747
6923
124
5558
17516
3848
26198
27050
3116
28214
5489
6779
2347
5438
19277
22950
12999
9438
7200
2906
31121
8652
4689
11368
14723
5935
21096
12338
18437
21003
20386
7032
15627
18849
30337
27594
23438
5641
30422
4750
2163
17642
29365
23571
6317
1543
23669
4584
18756
19364
16741
27042
7533
14323
31366
28469
30109
18232
30721
1947
7226
6112
2086
3284
3240
551
10665
5286
19313
31591
31716
14635
27254
31012
28982
27709
17349
13467
7892
22581
13557
15072
3817
3394
22518
18733
6862
4816
11273
19039
24227
14692
4158
14932
6527
11367
24356
10544
1350
511
32314
6872
13441
16867
1151
6519
25927
5200
6411
26008
11333
10181
27044
2160
20636
3380
1557
19499
2589
10387
19967
2469
23841
14427
3704
30638
30875
9480
21524
17607
16984
25816
28431
28785
3553
16894
3847
7444
18487
26617
12561
16076
14957
729
15510
7839
3671
26296
3738
28063
20313
5595
26792
7274
23351
3454
32261
11689
27371
23560
27134
29924
26163
11742
31936
4832
26016
17063
10316
13802
15317
30549
9056
31203
15294
19841
2099
3556
1918
18184
20304
65536
